Name
"Abrines, Alex"
"Acy, Quincy"
"Adams, Jaylen"
"Adams, Steven"
"Adebayo, Bam"
"Akoon-Purcell, DeVaughn"
"Aldridge, LaMarcus"
"Alkins, Rawle"
"Allen, Grayson"
"Allen, Jarrett"
"Aminu, Al-Farouq"
"Anderson, Justin"
"Anderson, Kyle"
"Anderson, Ryan"
"Anigbogu, Ike"
"Antetokounmpo, Giannis"
"Antetokounmpo, Kostas"
"Anthony, Carmelo"
"Anunoby, OG"
"Arcidiacono, Ryan"
"Ariza, Trevor"
"Augustin, D.J."
"Ayton, Deandre"
"Bacon, Dwayne"
"Bagley III, Marvin"
"Baker, Ron"
"Baldwin IV, Wade"
"Ball, Lonzo"
"Bamba, Mo"
"Barea, J.J."
"Barnes, Harrison"
"Barton, Will"
"Bates-Diop, Keita"
"Batum, Nicolas"
"Bayless, Jerryd"
"Baynes, Aron"
"Bazemore, Kent"
"Beal, Bradley"
"Beasley, Malik"
"Beasley, Michael"
"Belinelli, Marco"
"Bell, Jordan"
"Bembry, DeAndre'"
"Bender, Dragan"
"Bertans, Davis"
"Beverley, Patrick"
"Birch, Khem"
"Bird, Jabari"
"Biyombo, Bismack"
"Bjelica, Nemanja"
"Blakeney, Antonio"
"Bledsoe, Eric"
"Blossomgame, Jaron"
"Bluiett, Trevon"
"Bogdanovic, Bogdan"
"Bogdanovic, Bojan"
"Bolden, Jonah"
"Bonga, Isaac"
"Booker, Devin"
"Boucher, Chris"
"Bradley, Avery"
"Bradley, Tony"
"Bridges, Mikal"
"Bridges, Miles"
"Briscoe, Isaiah"
"Broekhoff, Ryan"
"Brogdon, Malcolm"
"Brooks, Dillon"
"Brooks, MarShon"
"Brown, Bruce"
"Brown, Jaylen"
"Brown, Lorenzo"
"Brown, Sterling"
"Brown Jr., Troy"
"Brunson, Jalen"
"Bryant, Thomas"
"Bullock, Reggie"
"Burke, Trey"
"Burks, Alec"
"Burton, Deonte"
"Butler, Jimmy"
"Calderon, Jose"
"Caldwell-Pope, Kentavious"
"Canaan, Isaiah"
"Capela, Clint"
"Carroll, DeMarre"
"Carter, Jevon"
"Carter, Vince"
"Carter Jr., Wendell"
"Carter-Williams, Michael"
"Caruso, Alex"
"Casspi, Omri"
"Cauley-Stein, Willie"
"Caupain, Troy"
"Cavanaugh, Tyler"
"Chandler, Tyson"
"Chandler, Wilson"
"Chealey, Joe"
"Chriss, Marquese"
"Clark, Gary"
"Clark, Ian"
"Clarkson, Jordan"
"Collins, John"
"Collins, Zach"
"Collison, Darren"
"Conley, Mike"
"Connaughton, Pat"
"Cook, Quinn"
"Cousins, DeMarcus"
"Covington, Robert"
"Crabbe, Allen"
"Craig, Torrey"
"Crawford, Jamal"
"Crowder, Jae"
"Cunningham, Dante"
"Curry, Seth"
"Curry, Stephen"
"Daniels, Troy"
"Davis, Anthony"
"Davis, Ed"
"Davis, Tyler"
"DeRozan, DeMar"
"Dedmon, Dewayne"
"Dekker, Sam"
"Delgado, Angel"
"Dellavedova, Matthew"
"Deng, Luol"
"Derrickson, Marcus"
"DiVincenzo, Donte"
"Diallo, Cheick"
"Diallo, Hamidou"
"Dieng, Gorgui"
"Dinwiddie, Spencer"
"Doncic, Luka"
"Dorsey, Tyler"
"Dotson, Damyean"
"Dozier, PJ"
"Dragic, Goran"
"Drummond, Andre"
"Dudley, Jared"
"Dunn, Kris"
"Durant, Kevin"
"Duval, Trevon"
"Edwards, Vincent"
"Ellenson, Henry"
"Ellington, Wayne"
"Embiid, Joel"
"Ennis III, James"
"Eubanks, Drew"
"Evans, Jacob"
"Evans, Jawun"
"Evans, Keenan"
"Evans, Tyreke"
"Exum, Dante"
"Faried, Kenneth"
"Favors, Derrick"
"Felicio, Cristiano"
"Felton, Raymond"
"Ferguson, Terrance"
"Ferrell, Yogi"
"Finney-Smith, Dorian"
"Forbes, Bryn"
"Fournier, Evan"
"Fox, De'Aaron"
"Frazier, Tim"
"Frazier Jr., Melvin"
"Frye, Channing"
"Fultz, Markelle"
"Gabriel, Wenyen"
"Gallinari, Danilo"
"Galloway, Langston"
"Gasol, Marc"
"Gasol, Pau"
"Gay, Rudy"
"George, Paul"
"Gibson, Taj"
"Giles III, Harry"
"Gilgeous-Alexander, Shai"
"Gobert, Rudy"
"Goodwin, Brandon"
"Gordon, Aaron"
"Gordon, Eric"
"Gortat, Marcin"
"Graham, Devonte'"
"Graham, Treveon"
"Grant, Jerami"
"Grant, Jerian"
"Grantham, Donte"
"Green, Danny"
"Green, Draymond"
"Green, Gerald"
"Green, JaMychal"
"Green, Jeff"
"Griffin, Blake"
"Hamilton, Daniel"
"Hardaway Jr., Tim"
"Harden, James"
"Harkless, Maurice"
"Harrell, Montrezl"
"Harris, Devin"
"Harris, Gary"
"Harris, Joe"
"Harris, Tobias"
"Harrison, Andrew"
"Harrison, Shaquille"
"Hart, Josh"
"Hartenstein, Isaiah"
"Haslem, Udonis"
"Hayward, Gordon"
"Henson, John"
"Hernangomez, Juancho"
"Hernangomez, Willy"
"Hezonja, Mario"
"Hicks, Isaiah"
"Hield, Buddy"
"Hill, George"
"Hill, Solomon"
"Holiday, Aaron"
"Holiday, Jrue"
"Holiday, Justin"
"Holland, John"
"Hollis-Jefferson, Rondae"
"Holmes, Richaun"
"Hood, Rodney"
"Horford, Al"
"House Jr., Danuel"
"Howard, Dwight"
"Huerter, Kevin"
"Hutchison, Chandler"
"Ibaka, Serge"
"Iguodala, Andre"
"Ilyasova, Ersan"
"Ingles, Joe"
"Ingram, Brandon"
"Irving, Kyrie"
"Isaac, Jonathan"
"Iwundu, Wes"
"Jackson, Demetrius"
"Jackson, Frank"
"Jackson, Josh"
"Jackson, Justin"
"Jackson, Reggie"
"Jackson Jr., Jaren"
"James, LeBron"
"Jefferson, Amile"
"Jerebko, Jonas"
"Johnson, Alize"
"Johnson, Amir"
"Johnson, James"
"Johnson, Stanley"
"Johnson, Tyler"
"Johnson, Wesley"
"Jokic, Nikola"
"Jones, Damian"
"Jones, Jalen"
"Jones, Tyus"
"Jones Jr., Derrick"
"Jordan, DeAndre"
"Joseph, Cory"
"Kaminsky, Frank"
"Kanter, Enes"
"Kennard, Luke"
"Kidd-Gilchrist, Michael"
"King, George"
"Kleber, Maxi"
"Knight, Brandon"
"Knox, Kevin"
"Korkmaz, Furkan"
"Kornet, Luke"
"Korver, Kyle"
"Koufos, Kosta"
"Kurucs, Rodions"
"Kuzma, Kyle"
"LaVine, Zach"
"Labissiere, Skal"
"Lamb, Jeremy"
"Layman, Jake"
"LeVert, Caris"
"Leaf, TJ"
"Lee, Courtney"
"Lee, Damion"
"Lemon Jr., Walter"
"Len, Alex"
"Leonard, Kawhi"
"Leonard, Meyers"
"Leuer, Jon"
"Lillard, Damian"
"Lin, Jeremy"
"Livingston, Shaun"
"Lofton, Zach"
"Looney, Kevon"
"Lopez, Brook"
"Lopez, Robin"
"Love, Kevin"
"Lowry, Kyle"
"Loyd, Jordan"
"Luwawu-Cabarrot, Timothe"
"Lydon, Tyler"
"Lyles, Trey"
"Mack, Shelvin"
"Macon, Daryl"
"Macura, J.P."
"Mahinmi, Ian"
"Maker, Thon"
"Marjanovic, Boban"
"Markkanen, Lauri"
"Martin, Jarell"
"Mason, Frank"
"Maten, Yante"
"Matthews, Wesley"
"Mbah a Moute, Luc"
"McCaw, Patrick"
"McCollum, CJ"
"McConnell, T.J."
"McDermott, Doug"
"McGee, JaVale"
"McGruder, Rodney"
"McKinnie, Alfonzo"
"McLemore, Ben"
"McRae, Jordan"
"Mejri, Salah"
"Melton, De'Anthony"
"Metu, Chimezie"
"Middleton, Khris"
"Miles, CJ"
"Miller, Darius"
"Mills, Patty"
"Millsap, Paul"
"Milton, Shake"
"Mirotic, Nikola"
"Mitchell, Donovan"
"Mitrou-Long, Naz"
"Monk, Malik"
"Monroe, Greg"
"Moore, Ben"
"Moore, E'Twaun"
"Moreland, Eric"
"Morris, Jaylen"
"Morris, Marcus"
"Morris, Markieff"
"Morris, Monte"
"Motley, Johnathan"
"Mozgov, Timofey"
"Mudiay, Emmanuel"
"Murray, Dejounte"
"Murray, Jamal"
"Musa, Dzanan"
"Muscala, Mike"
"Mykhailiuk, Svi"
Nene
"Nader, Abdel"
"Nance Jr., Larry"
"Napier, Shabazz"
"Neto, Raul"
"Niang, Georges"
"Noah, Joakim"
"Noel, Nerlens"
"Nowitzki, Dirk"
"Ntilikina, Frank"
"Nunnally, James"
"Nurkic, Jusuf"
"Nwaba, David"
"Okafor, Jahlil"
"Okobo, Elie"
"Okogie, Josh"
"Oladipo, Victor"
"Olynyk, Kelly"
"Osman, Cedi"
"Oubre Jr., Kelly"
"Pachulia, Zaza"
"Parker, Jabari"
"Parker, Tony"
"Paul, Chris"
"Payne, Cameron"
"Payton, Elfrid"
"Pinson, Theo"
"Plumlee, Mason"
"Plumlee, Miles"
"Poeltl, Jakob"
"Pondexter, Quincy"
"Porter Jr., Michael"
"Porter Jr., Otto"
"Portis, Bobby"
"Porzingis, Kristaps"
"Powell, Dwight"
"Powell, Norman"
"Poythress, Alex"
"Prince, Taurean"
"Rabb, Ivan"
"Randle, Chasson"
"Randle, Julius"
"Randolph, Zach"
"Redick, JJ"
"Reed, Davon"
"Roberson, Andre"
"Robinson, Devin"
"Robinson, Duncan"
"Robinson, Jerome"
"Robinson, Mitchell"
"Robinson III, Glenn"
"Rondo, Rajon"
"Rose, Derrick"
"Ross, Terrence"
"Rozier, Terry"
"Rubio, Ricky"
"Russell, D'Angelo"
"Sabonis, Domantas"
"Sampson, Brandon"
"Saric, Dario"
"Satoransky, Tomas"
"Schroder, Dennis"
"Scott, Mike"
"Sefolosha, Thabo"
"Selden, Wayne"
"Sexton, Collin"
"Simmons, Ben"
"Simmons, Jonathon"
"Simons, Anfernee"
"Smart, Marcus"
"Smith, Ish"
"Smith, JR"
"Smith, Jason"
"Smith, Zhaire"
"Smith Jr., Dennis"
"Snell, Tony"
"Spalding, Ray"
"Spellman, Omari"
"Stauskas, Nik"
"Stephens, DJ"
"Stephenson, Lance"
"Stokes, Jarnell"
"Sumner, Edmond"
"Swanigan, Caleb"
"Tatum, Jayson"
"Teague, Jeff"
"Temple, Garrett"
"Teodosic, Milos"
"Terrell, Jared"
"Theis, Daniel"
"Thomas, Isaiah"
"Thomas, Khyri"
"Thomas, Lance"
"Thompson, Klay"
"Thompson, Tristan"
"Thornwell, Sindarius"
"Trier, Allonzo"
"Tucker, PJ"
"Turner, Evan"
"Turner, Myles"
"Udoh, Ekpe"
"Ulis, Tyler"
"Valanciunas, Jonas"
"Valentine, Denzel"
"VanVleet, Fred"
"Vanderbilt, Jarred"
"Vonleh, Noah"
"Vucevic, Nikola"
"Wade, Dwyane"
"Wagner, Moritz"
"Waiters, Dion"
"Walker, Kemba"
"Walker IV, Lonnie"
"Wall, John"
"Wallace, Tyrone"
"Welsh, Thomas"
"Westbrook, Russell"
"Wiggins, Andrew"
"Williams, C.J."
"Williams, Johnathan"
"Williams, Kenrich"
"Williams, Lou"
"Williams, Marvin"
"Winslow, Justise"
"Wood, Christian"
"Wright, Delon"
"Yabusele, Guerschon"
"Young, Nick"
"Young, Thaddeus"
"Young, Trae"
Zhou Qi
"Zeller, Cody"
"Zizic, Ante"
"Zubac, Ivica"
